<?xml version="1.0" encoding="UTF-8" standalone="no"?>
<!-- Created with Inkscape (http://www.inkscape.org/) -->

<svg
   version="1.1"
   id="svg1"
   width="542.40002"
   height="484.79999"
   viewBox="0 0 542.40002 484.79999"
   sodipodi:docname="Logo rediseñado azul claro #d5e5ff.svg"
   xml:space="preserve"
   inkscape:version="1.4.2 (f4327f4, 2025-05-13)"
   xmlns:inkscape="http://www.inkscape.org/namespaces/inkscape"
   xmlns:sodipodi="http://sodipodi.sourceforge.net/DTD/sodipodi-0.dtd"
   xmlns="http://www.w3.org/2000/svg"
   xmlns:svg="http://www.w3.org/2000/svg"><defs
     id="defs1"><linearGradient
       id="swatch7545"
       inkscape:swatch="solid"><stop
         style="stop-color:#161616;stop-opacity:1;"
         offset="0"
         id="stop7545" /></linearGradient></defs><sodipodi:namedview
     id="namedview1"
     pagecolor="#ffffff"
     bordercolor="#666666"
     borderopacity="1.0"
     inkscape:showpageshadow="2"
     inkscape:pageopacity="0.0"
     inkscape:pagecheckerboard="0"
     inkscape:deskcolor="#d1d1d1"
     inkscape:zoom="1"
     inkscape:cx="358"
     inkscape:cy="182.5"
     inkscape:window-width="1920"
     inkscape:window-height="1001"
     inkscape:window-x="-9"
     inkscape:window-y="-9"
     inkscape:window-maximized="1"
     inkscape:current-layer="g1" /><g
     inkscape:groupmode="layer"
     inkscape:label="Image"
     id="g1"><path
       style="fill:#afc6e9;stroke:none"
       d="m 283.23447,53.437151 c -15.48763,2.01017 -30.63152,2.39799 -45.92735,6.37344 -47.42763,12.32662 -89.91711,42.093389 -116.51628,82.914989 -51.450231,78.96043 -38.143551,187.81296 32.68773,251.16176 25.60081,22.89639 56.17959,38.73583 89.62521,46.96061 23.16473,5.69658 48.16837,6.74843 71.78935,3.67816 70.82222,-9.20559 132.74186,-55.61262 160.07205,-121.0865 8.25148,-19.76781 12.759,-40.86283 14.23361,-62.148 6.14498,-88.69975 -52.329,-170.201199 -136.85035,-198.050799 -17.84593,-5.88021 -36.51072,-9.10164 -55.29118,-9.5564 -4.60889,-0.11159 -9.19433,-0.84798 -13.82279,-0.24726 M 306.86699,425.6973 c 2.35214,-4.97422 5.56091,-9.5345 7.88851,-14.54528 5.22774,-11.25416 8.72225,-23.05711 10.803,-35.26127 2.2254,-13.05261 3.3184,-26.3589 6.55806,-39.22817 1.77839,-7.06444 4.19914,-14.71336 9.16671,-20.27491 14.08444,-15.76854 41.8854,-10.47088 60.55969,-16.32125 30.94096,-9.69335 39.08426,-41.07231 42.67843,-69.62842 3.4686,-27.55847 -15.35608,-48.32034 -37.32767,-62.73535 -13.10363,-8.59696 -27.45138,-15.19803 -41.91428,-21.19723 -18.18202,-7.54187 -37.0706,-14.3378 -56.62887,-17.32252 -12.09031,-1.84506 -23.96404,-1.37239 -36.11762,-1.8236 -3.32548,-0.12345 -6.08741,-4.42283 -8.47203,-6.41184 -7.10789,-5.92871 -16.49423,-12.14896 -25.862,-7.08425 -12.02047,6.49891 -17.42905,22.8225 -18.65196,35.47386 -0.37871,3.91793 1.54228,10.78469 -0.53776,14.10451 -2.5988,4.14778 -6.79771,7.71628 -9.9766,11.45991 -6.24628,7.35593 -12.12669,15.01063 -17.64147,22.91983 -9.54796,13.6935 -17.31113,28.56709 -27.42298,41.87276 -9.18687,12.08854 -20.89174,22.24286 -32.78441,31.64707 -5.97651,4.72597 -12.06471,9.99993 -18.72766,13.75182 -4.94035,-14.42594 -4.1996,-32.62754 -3.16118,-47.60272 5.17216,-74.5889 58.36799,-138.054064 131.1335,-158.047909 94.03483,-25.83804 199.60343,29.847039 223.78366,124.990469 7.14648,28.11976 7.76743,58.6255 0.66884,86.83088 -8.24699,32.76836 -25.57991,61.26378 -49.66105,85.06783 -20.91277,20.67214 -47.8988,35.45957 -76.24831,43.4474 -10.58678,2.98297 -21.35486,3.94564 -32.10455,5.91838 M 276.10012,142.28481 c 33.16558,0 62.60585,8.47227 92.74649,21.90363 16.18329,7.21165 32.39657,15.45225 45.48145,27.5016 6.18407,5.69466 12.03787,13.00945 14.5188,21.11732 3.81502,12.46778 -0.41588,27.51115 -3.94699,39.66893 -2.67516,9.21073 -5.83353,19.78825 -13.69344,26.0035 -8.73017,6.90343 -20.34855,9.36337 -31.21241,10.64843 -17.21532,2.03637 -34.82336,2.10841 -52.16989,1.68825 -7.85561,-0.19025 -15.97703,-1.2319 -23.63252,-3.0279 -1.55296,-0.36431 -6.42566,-2.58694 -7.66213,-1.09002 -1.65467,2.00325 3.30821,6.03417 4.54085,7.07743 6.17179,5.22372 13.9881,7.88149 21.84893,9.38839 -3.35761,10.19998 -6.79703,20.26649 -8.7287,30.85362 -3.7665,20.64358 -5.1667,42.39316 -12.76,62.14799 -2.92201,7.60192 -6.46455,14.74941 -10.92447,21.59753 -1.5985,2.45445 -3.32267,5.86982 -5.69482,7.66783 -2.80893,2.1291 -9.88874,0.24557 -13.17011,-0.10169 -13.11283,-1.38772 -25.76228,-4.12895 -38.34711,-7.99569 -41.95778,-12.89162 -78.61362,-41.60847 -100.51458,-79.34908 -6.02962,-10.3905 -14.0417,-23.23195 -15.86442,-35.26127 7.55748,-4.66781 14.48999,-10.92709 21.40304,-16.47976 14.88567,-11.95642 29.50307,-24.49603 40.8329,-39.93828 16.97594,-23.13776 28.97236,-49.16778 49.6841,-69.64101 3.04142,1.85367 14.70476,7.08857 14.14758,-1.3223 -0.23981,-3.62002 -3.69941,-7.23207 -5.02287,-10.57838 -2.97396,-7.51955 -2.89771,-17.19178 0.0674,-24.6829 1.27057,-3.20994 3.21946,-6.74949 6.86013,-7.6879 8.90655,-2.2957 16.38442,9.34183 19.87095,15.62169 1.34737,2.42685 2.31684,7.1653 5.54686,7.77428 7.04325,1.3279 5.95494,-9.82124 5.79494,-13.50424 m 40.1307,30.60671 c -3.96354,0.43732 -14.42107,2.73117 -14.43109,8.13477 -0.003,1.42055 2.21977,2.82756 2.93376,4.01962 4.2057,7.02154 11.61925,10.88147 19.96936,10.05565 3.52553,-0.34868 11.48342,-2.47829 12.3241,-6.55368 0.45926,-2.22629 -1.35231,-4.84885 -2.51644,-6.59413 -3.92895,-5.89035 -10.94551,-9.87148 -18.27969,-9.06223 m 96.31537,49.05834 c -9.27938,3.55163 1.05805,15.70291 8.4686,12.83016 9.06033,-3.51228 -1.02525,-15.67905 -8.4686,-12.83016 z"
       id="path15100" /></g></svg>
